   1.5674399e-01
   3.1148041e-01
   4.6223287e-01
   6.0708691e-01
   7.4421972e-01
   8.7192842e-01
   9.8865648e-01
   1.0930178e+00
   1.1838182e+00
   1.2600735e+00
   1.3210252e+00
   1.3661513e+00
   1.3951746e+00
   1.4080665e+00
   1.4050470e+00
   1.3865807e+00
   1.3533693e+00
   1.3063400e+00
   1.2466305e+00
   1.1755705e+00
   1.0946607e+00
   1.0055485e+00
   9.1000175e-01
   8.0988034e-01
   7.0710678e-01
   6.0363539e-01
   5.0142118e-01
   4.0238869e-01
   3.0840134e-01
   2.2123174e-01
   1.4253347e-01
   7.3814683e-02
   1.6414102e-02
  -2.8520372e-02
  -6.0049992e-02
  -7.7460198e-02
  -8.0272103e-02
  -6.8250243e-02
  -4.1406482e-02
  -1.1102230e-16
   5.5466633e-02
   1.2425524e-01
   2.0540352e-01
   2.9774014e-01
   3.9990309e-01
   5.1036103e-01
   6.2743741e-01
   7.4933684e-01
   8.7417333e-01
   1.0000000e+00
   1.1248398e+00
   1.2467166e+00
   1.3636865e+00
   1.4738684e+00
   1.5754736e+00
   1.6668344e+00
   1.7464300e+00
   1.8129111e+00
   1.8651207e+00
   1.9021130e+00
   1.9231680e+00
   1.9278032e+00
   1.9157814e+00
   1.8871143e+00
   1.8420630e+00
   1.7811337e+00
   1.7050700e+00
   1.6148412e+00
   1.5116277e+00
   1.3968022e+00
   1.2719087e+00
   1.1386378e+00
   9.9880096e-01
   8.5430186e-01
   7.0710678e-01
   5.5921387e-01
   4.1262198e-01
   2.6929944e-01
   1.3115338e-01
   4.4408921e-16
  -1.2246373e-01
  -2.3468645e-01
  -3.3528651e-01
  -4.2307338e-01
  -4.9706602e-01
  -5.5650796e-01
  -6.0087884e-01
  -6.2990218e-01
  -6.4354933e-01
  -6.4203952e-01
  -6.2583595e-01
  -5.9563804e-01
  -5.5237000e-01
  -4.9716579e-01
  -4.3135079e-01
  -3.5642044e-01
  -2.7401624e-01
  -1.8589937e-01
  -9.3922474e-02
  -3.6739404e-16
   9.3922474e-02
   1.8589937e-01
   2.7401624e-01
   3.5642044e-01
   4.3135079e-01
   4.9716579e-01
   5.5237000e-01
   5.9563804e-01
   6.2583595e-01
   6.4203952e-01
   6.4354933e-01
   6.2990218e-01
   6.0087884e-01
   5.5650796e-01
   4.9706602e-01
   4.2307338e-01
   3.3528651e-01
   2.3468645e-01
   1.2246373e-01
   2.3314684e-15
  -1.3115338e-01
  -2.6929944e-01
  -4.1262198e-01
  -5.5921387e-01
  -7.0710678e-01
  -8.5430186e-01
  -9.9880096e-01
  -1.1386378e+00
  -1.2719087e+00
  -1.3968022e+00
  -1.5116277e+00
  -1.6148412e+00
  -1.7050700e+00
  -1.7811337e+00
  -1.8420630e+00
  -1.8871143e+00
  -1.9157814e+00
  -1.9278032e+00
  -1.9231680e+00
  -1.9021130e+00
  -1.8651207e+00
  -1.8129111e+00
  -1.7464300e+00
  -1.6668344e+00
  -1.5754736e+00
  -1.4738684e+00
  -1.3636865e+00
  -1.2467166e+00
  -1.1248398e+00
  -1.0000000e+00
  -8.7417333e-01
  -7.4933684e-01
  -6.2743741e-01
  -5.1036103e-01
  -3.9990309e-01
  -2.9774014e-01
  -2.0540352e-01
  -1.2425524e-01
  -5.5466633e-02
  -3.3306691e-16
   4.1406482e-02
   6.8250243e-02
   8.0272103e-02
   7.7460198e-02
   6.0049992e-02
   2.8520372e-02
  -1.6414102e-02
  -7.3814683e-02
  -1.4253347e-01
  -2.2123174e-01
  -3.0840134e-01
  -4.0238869e-01
  -5.0142118e-01
  -6.0363539e-01
  -7.0710678e-01
  -8.0988034e-01
  -9.1000175e-01
  -1.0055485e+00
  -1.0946607e+00
  -1.1755705e+00
  -1.2466305e+00
  -1.3063400e+00
  -1.3533693e+00
  -1.3865807e+00
  -1.4050470e+00
  -1.4080665e+00
  -1.3951746e+00
  -1.3661513e+00
  -1.3210252e+00
  -1.2600735e+00
  -1.1838182e+00
  -1.0930178e+00
  -9.8865648e-01
  -8.7192842e-01
  -7.4421972e-01
  -6.0708691e-01
  -4.6223287e-01
  -3.1148041e-01
  -1.5674399e-01
  -1.2246468e-15
   1.5674399e-01
   3.1148041e-01
   4.6223287e-01
   6.0708691e-01
   7.4421972e-01
   8.7192842e-01
   9.8865648e-01
   1.0930178e+00
   1.1838182e+00
   1.2600735e+00
   1.3210252e+00
   1.3661513e+00
   1.3951746e+00
   1.4080665e+00
   1.4050470e+00
   1.3865807e+00
   1.3533693e+00
   1.3063400e+00
   1.2466305e+00
   1.1755705e+00
   1.0946607e+00
   1.0055485e+00
   9.1000175e-01
   8.0988034e-01
   7.0710678e-01
   6.0363539e-01
   5.0142118e-01
   4.0238869e-01
   3.0840134e-01
   2.2123174e-01
   1.4253347e-01
   7.3814683e-02
   1.6414102e-02
  -2.8520372e-02
  -6.0049992e-02
  -7.7460198e-02
  -8.0272103e-02
  -6.8250243e-02
  -4.1406482e-02
  -1.7763568e-15
   5.5466633e-02
   1.2425524e-01
   2.0540352e-01
   2.9774014e-01
   3.9990309e-01
   5.1036103e-01
   6.2743741e-01
   7.4933684e-01
   8.7417333e-01
   1.0000000e+00
   1.1248398e+00
   1.2467166e+00
   1.3636865e+00
   1.4738684e+00
   1.5754736e+00
   1.6668344e+00
   1.7464300e+00
   1.8129111e+00
   1.8651207e+00
   1.9021130e+00
   1.9231680e+00
   1.9278032e+00
   1.9157814e+00
   1.8871143e+00
   1.8420630e+00
   1.7811337e+00
   1.7050700e+00
   1.6148412e+00
   1.5116277e+00
   1.3968022e+00
   1.2719087e+00
   1.1386378e+00
   9.9880096e-01
   8.5430186e-01
   7.0710678e-01
   5.5921387e-01
   4.1262198e-01
   2.6929944e-01
   1.3115338e-01
   1.3322676e-15
  -1.2246373e-01
  -2.3468645e-01
  -3.3528651e-01
  -4.2307338e-01
  -4.9706602e-01
  -5.5650796e-01
  -6.0087884e-01
  -6.2990218e-01
  -6.4354933e-01
  -6.4203952e-01
  -6.2583595e-01
  -5.9563804e-01
  -5.5237000e-01
  -4.9716579e-01
  -4.3135079e-01
  -3.5642044e-01
  -2.7401624e-01
  -1.8589937e-01
  -9.3922474e-02
  -1.1021821e-15
   9.3922474e-02
   1.8589937e-01
   2.7401624e-01
   3.5642044e-01
   4.3135079e-01
   4.9716579e-01
   5.5237000e-01
   5.9563804e-01
   6.2583595e-01
   6.4203952e-01
   6.4354933e-01
   6.2990218e-01
   6.0087884e-01
   5.5650796e-01
   4.9706602e-01
   4.2307338e-01
   3.3528651e-01
   2.3468645e-01
   1.2246373e-01
   1.5543122e-15
  -1.3115338e-01
  -2.6929944e-01
  -4.1262198e-01
  -5.5921387e-01
  -7.0710678e-01
  -8.5430186e-01
  -9.9880096e-01
  -1.1386378e+00
  -1.2719087e+00
  -1.3968022e+00
  -1.5116277e+00
  -1.6148412e+00
  -1.7050700e+00
  -1.7811337e+00
  -1.8420630e+00
  -1.8871143e+00
  -1.9157814e+00
  -1.9278032e+00
  -1.9231680e+00
  -1.9021130e+00
  -1.8651207e+00
  -1.8129111e+00
  -1.7464300e+00
  -1.6668344e+00
  -1.5754736e+00
  -1.4738684e+00
  -1.3636865e+00
  -1.2467166e+00
  -1.1248398e+00
  -1.0000000e+00
  -8.7417333e-01
  -7.4933684e-01
  -6.2743741e-01
  -5.1036103e-01
  -3.9990309e-01
  -2.9774014e-01
  -2.0540352e-01
  -1.2425524e-01
  -5.5466633e-02
  -7.7715612e-16
   4.1406482e-02
   6.8250243e-02
   8.0272103e-02
   7.7460198e-02
   6.0049992e-02
   2.8520372e-02
  -1.6414102e-02
  -7.3814683e-02
  -1.4253347e-01
  -2.2123174e-01
  -3.0840134e-01
  -4.0238869e-01
  -5.0142118e-01
  -6.0363539e-01
  -7.0710678e-01
  -8.0988034e-01
  -9.1000175e-01
  -1.0055485e+00
  -1.0946607e+00
  -1.1755705e+00
  -1.2466305e+00
  -1.3063400e+00
  -1.3533693e+00
  -1.3865807e+00
  -1.4050470e+00
  -1.4080665e+00
  -1.3951746e+00
  -1.3661513e+00
  -1.3210252e+00
  -1.2600735e+00
  -1.1838182e+00
  -1.0930178e+00
  -9.8865648e-01
  -8.7192842e-01
  -7.4421972e-01
  -6.0708691e-01
  -4.6223287e-01
  -3.1148041e-01
  -1.5674399e-01
  -2.4492936e-15
   1.5674399e-01
   3.1148041e-01
   4.6223287e-01
   6.0708691e-01
   7.4421972e-01
   8.7192842e-01
   9.8865648e-01
   1.0930178e+00
   1.1838182e+00
   1.2600735e+00
   1.3210252e+00
   1.3661513e+00
   1.3951746e+00
   1.4080665e+00
   1.4050470e+00
   1.3865807e+00
   1.3533693e+00
   1.3063400e+00
   1.2466305e+00
   1.1755705e+00
   1.0946607e+00
   1.0055485e+00
   9.1000175e-01
   8.0988034e-01
   7.0710678e-01
   6.0363539e-01
   5.0142118e-01
   4.0238869e-01
   3.0840134e-01
   2.2123174e-01
   1.4253347e-01
   7.3814683e-02
   1.6414102e-02
  -2.8520372e-02
  -6.0049992e-02
  -7.7460198e-02
  -8.0272103e-02
  -6.8250243e-02
  -4.1406482e-02
  -7.7715612e-16
   5.5466633e-02
   1.2425524e-01
   2.0540352e-01
   2.9774014e-01
   3.9990309e-01
   5.1036103e-01
   6.2743741e-01
   7.4933684e-01
   8.7417333e-01
   1.0000000e+00
   1.1248398e+00
   1.2467166e+00
   1.3636865e+00
   1.4738684e+00
   1.5754736e+00
   1.6668344e+00
   1.7464300e+00
   1.8129111e+00
   1.8651207e+00
   1.9021130e+00
   1.9231680e+00
   1.9278032e+00
   1.9157814e+00
   1.8871143e+00
   1.8420630e+00
   1.7811337e+00
   1.7050700e+00
   1.6148412e+00
   1.5116277e+00
   1.3968022e+00
   1.2719087e+00
   1.1386378e+00
   9.9880096e-01
   8.5430186e-01
   7.0710678e-01
   5.5921387e-01
   4.1262198e-01
   2.6929944e-01
   1.3115338e-01
   9.5479180e-15
  -1.2246373e-01
  -2.3468645e-01
  -3.3528651e-01
  -4.2307338e-01
  -4.9706602e-01
  -5.5650796e-01
  -6.0087884e-01
  -6.2990218e-01
  -6.4354933e-01
  -6.4203952e-01
  -6.2583595e-01
  -5.9563804e-01
  -5.5237000e-01
  -4.9716579e-01
  -4.3135079e-01
  -3.5642044e-01
  -2.7401624e-01
  -1.8589937e-01
  -9.3922474e-02
  -7.1660407e-15
   9.3922474e-02
   1.8589937e-01
   2.7401624e-01
   3.5642044e-01
   4.3135079e-01
   4.9716579e-01
   5.5237000e-01
   5.9563804e-01
   6.2583595e-01
   6.4203952e-01
   6.4354933e-01
   6.2990218e-01
   6.0087884e-01
   5.5650796e-01
   4.9706602e-01
   4.2307338e-01
   3.3528651e-01
   2.3468645e-01
   1.2246373e-01
   2.5535130e-15
  -1.3115338e-01
  -2.6929944e-01
  -4.1262198e-01
  -5.5921387e-01
  -7.0710678e-01
  -8.5430186e-01
  -9.9880096e-01
  -1.1386378e+00
  -1.2719087e+00
  -1.3968022e+00
  -1.5116277e+00
  -1.6148412e+00
  -1.7050700e+00
  -1.7811337e+00
  -1.8420630e+00
  -1.8871143e+00
  -1.9157814e+00
  -1.9278032e+00
  -1.9231680e+00
  -1.9021130e+00
  -1.8651207e+00
  -1.8129111e+00
  -1.7464300e+00
  -1.6668344e+00
  -1.5754736e+00
  -1.4738684e+00
  -1.3636865e+00
  -1.2467166e+00
  -1.1248398e+00
  -1.0000000e+00
  -8.7417333e-01
  -7.4933684e-01
  -6.2743741e-01
  -5.1036103e-01
  -3.9990309e-01
  -2.9774014e-01
  -2.0540352e-01
  -1.2425524e-01
  -5.5466633e-02
  -9.9920072e-16
   4.1406482e-02
   6.8250243e-02
   8.0272103e-02
   7.7460198e-02
   6.0049992e-02
   2.8520372e-02
  -1.6414102e-02
  -7.3814683e-02
  -1.4253347e-01
  -2.2123174e-01
  -3.0840134e-01
  -4.0238869e-01
  -5.0142118e-01
  -6.0363539e-01
  -7.0710678e-01
  -8.0988034e-01
  -9.1000175e-01
  -1.0055485e+00
  -1.0946607e+00
  -1.1755705e+00
  -1.2466305e+00
  -1.3063400e+00
  -1.3533693e+00
  -1.3865807e+00
  -1.4050470e+00
  -1.4080665e+00
  -1.3951746e+00
  -1.3661513e+00
  -1.3210252e+00
  -1.2600735e+00
  -1.1838182e+00
  -1.0930178e+00
  -9.8865648e-01
  -8.7192842e-01
  -7.4421972e-01
  -6.0708691e-01
  -4.6223287e-01
  -3.1148041e-01
  -1.5674399e-01
  -3.6739404e-15
   1.5674399e-01
   3.1148041e-01
   4.6223287e-01
   6.0708691e-01
   7.4421972e-01
   8.7192842e-01
   9.8865648e-01
   1.0930178e+00
   1.1838182e+00
   1.2600735e+00
   1.3210252e+00
   1.3661513e+00
   1.3951746e+00
   1.4080665e+00
   1.4050470e+00
   1.3865807e+00
   1.3533693e+00
   1.3063400e+00
   1.2466305e+00
   1.1755705e+00
   1.0946607e+00
   1.0055485e+00
   9.1000175e-01
   8.0988034e-01
   7.0710678e-01
   6.0363539e-01
   5.0142118e-01
   4.0238869e-01
   3.0840134e-01
   2.2123174e-01
   1.4253347e-01
   7.3814683e-02
   1.6414102e-02
  -2.8520372e-02
  -6.0049992e-02
  -7.7460198e-02
  -8.0272103e-02
  -6.8250243e-02
  -4.1406482e-02
  -1.2212453e-15
   5.5466633e-02
   1.2425524e-01
   2.0540352e-01
   2.9774014e-01
   3.9990309e-01
   5.1036103e-01
   6.2743741e-01
   7.4933684e-01
   8.7417333e-01
   1.0000000e+00
   1.1248398e+00
   1.2467166e+00
   1.3636865e+00
   1.4738684e+00
   1.5754736e+00
   1.6668344e+00
   1.7464300e+00
   1.8129111e+00
   1.8651207e+00
   1.9021130e+00
   1.9231680e+00
   1.9278032e+00
   1.9157814e+00
   1.8871143e+00
   1.8420630e+00
   1.7811337e+00
   1.7050700e+00
   1.6148412e+00
   1.5116277e+00
   1.3968022e+00
   1.2719087e+00
   1.1386378e+00
   9.9880096e-01
   8.5430186e-01
   7.0710678e-01
   5.5921387e-01
   4.1262198e-01
   2.6929944e-01
   1.3115338e-01
   3.3306691e-15
  -1.2246373e-01
  -2.3468645e-01
  -3.3528651e-01
  -4.2307338e-01
  -4.9706602e-01
  -5.5650796e-01
  -6.0087884e-01
  -6.2990218e-01
  -6.4354933e-01
  -6.4203952e-01
  -6.2583595e-01
  -5.9563804e-01
  -5.5237000e-01
  -4.9716579e-01
  -4.3135079e-01
  -3.5642044e-01
  -2.7401624e-01
  -1.8589937e-01
  -9.3922474e-02
  -1.3229899e-14
   9.3922474e-02
   1.8589937e-01
   2.7401624e-01
   3.5642044e-01
   4.3135079e-01
   4.9716579e-01
   5.5237000e-01
   5.9563804e-01
   6.2583595e-01
   6.4203952e-01
   6.4354933e-01
   6.2990218e-01
   6.0087884e-01
   5.5650796e-01
   4.9706602e-01
   4.2307338e-01
   3.3528651e-01
   2.3468645e-01
   1.2246373e-01
   3.5527137e-15
  -1.3115338e-01
  -2.6929944e-01
  -4.1262198e-01
  -5.5921387e-01
  -7.0710678e-01
  -8.5430186e-01
  -9.9880096e-01
  -1.1386378e+00
  -1.2719087e+00
  -1.3968022e+00
  -1.5116277e+00
  -1.6148412e+00
  -1.7050700e+00
  -1.7811337e+00
  -1.8420630e+00
  -1.8871143e+00
  -1.9157814e+00
  -1.9278032e+00
  -1.9231680e+00
  -1.9021130e+00
  -1.8651207e+00
  -1.8129111e+00
  -1.7464300e+00
  -1.6668344e+00
  -1.5754736e+00
  -1.4738684e+00
  -1.3636865e+00
  -1.2467166e+00
  -1.1248398e+00
  -1.0000000e+00
  -8.7417333e-01
  -7.4933684e-01
  -6.2743741e-01
  -5.1036103e-01
  -3.9990309e-01
  -2.9774014e-01
  -2.0540352e-01
  -1.2425524e-01
  -5.5466633e-02
  -1.4432899e-15
   4.1406482e-02
   6.8250243e-02
   8.0272103e-02
   7.7460198e-02
   6.0049992e-02
   2.8520372e-02
  -1.6414102e-02
  -7.3814683e-02
  -1.4253347e-01
  -2.2123174e-01
  -3.0840134e-01
  -4.0238869e-01
  -5.0142118e-01
  -6.0363539e-01
  -7.0710678e-01
  -8.0988034e-01
  -9.1000175e-01
  -1.0055485e+00
  -1.0946607e+00
  -1.1755705e+00
  -1.2466305e+00
  -1.3063400e+00
  -1.3533693e+00
  -1.3865807e+00
  -1.4050470e+00
  -1.4080665e+00
  -1.3951746e+00
  -1.3661513e+00
  -1.3210252e+00
  -1.2600735e+00
  -1.1838182e+00
  -1.0930178e+00
  -9.8865648e-01
  -8.7192842e-01
  -7.4421972e-01
  -6.0708691e-01
  -4.6223287e-01
  -3.1148041e-01
  -1.5674399e-01
  -4.8985872e-15
   1.5674399e-01
   3.1148041e-01
   4.6223287e-01
   6.0708691e-01
   7.4421972e-01
   8.7192842e-01
   9.8865648e-01
   1.0930178e+00
   1.1838182e+00
   1.2600735e+00
   1.3210252e+00
   1.3661513e+00
   1.3951746e+00
   1.4080665e+00
   1.4050470e+00
   1.3865807e+00
   1.3533693e+00
   1.3063400e+00
   1.2466305e+00
   1.1755705e+00
   1.0946607e+00
   1.0055485e+00
   9.1000175e-01
   8.0988034e-01
   7.0710678e-01
   6.0363539e-01
   5.0142118e-01
   4.0238869e-01
   3.0840134e-01
   2.2123174e-01
   1.4253347e-01
   7.3814683e-02
   1.6414102e-02
  -2.8520372e-02
  -6.0049992e-02
  -7.7460198e-02
  -8.0272103e-02
  -6.8250243e-02
  -4.1406482e-02
  -1.6653345e-15
   5.5466633e-02
   1.2425524e-01
   2.0540352e-01
   2.9774014e-01
   3.9990309e-01
   5.1036103e-01
   6.2743741e-01
   7.4933684e-01
   8.7417333e-01
   1.0000000e+00
   1.1248398e+00
   1.2467166e+00
   1.3636865e+00
   1.4738684e+00
   1.5754736e+00
   1.6668344e+00
   1.7464300e+00
   1.8129111e+00
   1.8651207e+00
   1.9021130e+00
   1.9231680e+00
   1.9278032e+00
   1.9157814e+00
   1.8871143e+00
   1.8420630e+00
   1.7811337e+00
   1.7050700e+00
   1.6148412e+00
   1.5116277e+00
   1.3968022e+00
   1.2719087e+00
   1.1386378e+00
   9.9880096e-01
   8.5430186e-01
   7.0710678e-01
   5.5921387e-01
   4.1262198e-01
   2.6929944e-01
   1.3115338e-01
   4.4408921e-15
  -1.2246373e-01
  -2.3468645e-01
  -3.3528651e-01
  -4.2307338e-01
  -4.9706602e-01
  -5.5650796e-01
  -6.0087884e-01
  -6.2990218e-01
  -6.4354933e-01
  -6.4203952e-01
  -6.2583595e-01
  -5.9563804e-01
  -5.5237000e-01
  -4.9716579e-01
  -4.3135079e-01
  -3.5642044e-01
  -2.7401624e-01
  -1.8589937e-01
  -9.3922474e-02
  -3.3065464e-15
   9.3922474e-02
   1.8589937e-01
   2.7401624e-01
   3.5642044e-01
   4.3135079e-01
   4.9716579e-01
   5.5237000e-01
   5.9563804e-01
   6.2583595e-01
   6.4203952e-01
   6.4354933e-01
   6.2990218e-01
   6.0087884e-01
   5.5650796e-01
   4.9706602e-01
   4.2307338e-01
   3.3528651e-01
   2.3468645e-01
   1.2246373e-01
  -9.8809849e-15
  -1.3115338e-01
  -2.6929944e-01
  -4.1262198e-01
  -5.5921387e-01
  -7.0710678e-01
  -8.5430186e-01
  -9.9880096e-01
  -1.1386378e+00
  -1.2719087e+00
  -1.3968022e+00
  -1.5116277e+00
  -1.6148412e+00
  -1.7050700e+00
  -1.7811337e+00
  -1.8420630e+00
  -1.8871143e+00
  -1.9157814e+00
  -1.9278032e+00
  -1.9231680e+00
  -1.9021130e+00
  -1.8651207e+00
  -1.8129111e+00
  -1.7464300e+00
  -1.6668344e+00
  -1.5754736e+00
  -1.4738684e+00
  -1.3636865e+00
  -1.2467166e+00
  -1.1248398e+00
  -1.0000000e+00
  -8.7417333e-01
  -7.4933684e-01
  -6.2743741e-01
  -5.1036103e-01
  -3.9990309e-01
  -2.9774014e-01
  -2.0540352e-01
  -1.2425524e-01
  -5.5466633e-02
  -7.2164497e-15
   4.1406482e-02
   6.8250243e-02
   8.0272103e-02
   7.7460198e-02
   6.0049992e-02
   2.8520372e-02
  -1.6414102e-02
  -7.3814683e-02
  -1.4253347e-01
  -2.2123174e-01
  -3.0840134e-01
  -4.0238869e-01
  -5.0142118e-01
  -6.0363539e-01
  -7.0710678e-01
  -8.0988034e-01
  -9.1000175e-01
  -1.0055485e+00
  -1.0946607e+00
  -1.1755705e+00
  -1.2466305e+00
  -1.3063400e+00
  -1.3533693e+00
  -1.3865807e+00
  -1.4050470e+00
  -1.4080665e+00
  -1.3951746e+00
  -1.3661513e+00
  -1.3210252e+00
  -1.2600735e+00
  -1.1838182e+00
  -1.0930178e+00
  -9.8865648e-01
  -8.7192842e-01
  -7.4421972e-01
  -6.0708691e-01
  -4.6223287e-01
  -3.1148041e-01
  -1.5674399e-01
  -2.3886802e-14
