   1.0020020e+00
   1.0040080e+00
   1.0060180e+00
   1.0080321e+00
   1.0100502e+00
   1.0120723e+00
   1.0140985e+00
   1.0161287e+00
   1.0181630e+00
   1.0202013e+00
   1.0222438e+00
   1.0242903e+00
   1.0263409e+00
   1.0283957e+00
   1.0304545e+00
   1.0325175e+00
   1.0345846e+00
   1.0366558e+00
   1.0387312e+00
   1.0408108e+00
   1.0428945e+00
   1.0449824e+00
   1.0470744e+00
   1.0491707e+00
   1.0512711e+00
   1.0533757e+00
   1.0554846e+00
   1.0575977e+00
   1.0597150e+00
   1.0618365e+00
   1.0639623e+00
   1.0660924e+00
   1.0682267e+00
   1.0703653e+00
   1.0725082e+00
   1.0746553e+00
   1.0768068e+00
   1.0789626e+00
   1.0811227e+00
   1.0832871e+00
   1.0854558e+00
   1.0876289e+00
   1.0898063e+00
   1.0919881e+00
   1.0941743e+00
   1.0963648e+00
   1.0985597e+00
   1.1007591e+00
   1.1029628e+00
   1.1051709e+00
   1.1073835e+00
   1.1096005e+00
   1.1118219e+00
   1.1140477e+00
   1.1162781e+00
   1.1185129e+00
   1.1207521e+00
   1.1229959e+00
   1.1252441e+00
   1.1274969e+00
   1.1297541e+00
   1.1320159e+00
   1.1342822e+00
   1.1365530e+00
   1.1388284e+00
   1.1411083e+00
   1.1433928e+00
   1.1456819e+00
   1.1479756e+00
   1.1502738e+00
   1.1525766e+00
   1.1548841e+00
   1.1571962e+00
   1.1595129e+00
   1.1618342e+00
   1.1641602e+00
   1.1664909e+00
   1.1688262e+00
   1.1711662e+00
   1.1735109e+00
   1.1758602e+00
   1.1782143e+00
   1.1805731e+00
   1.1829366e+00
   1.1853049e+00
   1.1876778e+00
   1.1900556e+00
   1.1924381e+00
   1.1948253e+00
   1.1972174e+00
   1.1996142e+00
   1.2020158e+00
   1.2044223e+00
   1.2068335e+00
   1.2092496e+00
   1.2116705e+00
   1.2140963e+00
   1.2165269e+00
   1.2189624e+00
   1.2214028e+00
   1.2238480e+00
   1.2262982e+00
   1.2287532e+00
   1.2312132e+00
   1.2336781e+00
   1.2361479e+00
   1.2386227e+00
   1.2411024e+00
   1.2435871e+00
   1.2460767e+00
   1.2485714e+00
   1.2510710e+00
   1.2535757e+00
   1.2560853e+00
   1.2586000e+00
   1.2611197e+00
   1.2636445e+00
   1.2661743e+00
   1.2687092e+00
   1.2712492e+00
   1.2737942e+00
   1.2763443e+00
   1.2788996e+00
   1.2814599e+00
   1.2840254e+00
   1.2865960e+00
   1.2891718e+00
   1.2917527e+00
   1.2943388e+00
   1.2969301e+00
   1.2995265e+00
   1.3021282e+00
   1.3047351e+00
   1.3073471e+00
   1.3099645e+00
   1.3125870e+00
   1.3152148e+00
   1.3178479e+00
   1.3204862e+00
   1.3231298e+00
   1.3257787e+00
   1.3284329e+00
   1.3310925e+00
   1.3337573e+00
   1.3364275e+00
   1.3391030e+00
   1.3417839e+00
   1.3444702e+00
   1.3471618e+00
   1.3498588e+00
   1.3525612e+00
   1.3552691e+00
   1.3579823e+00
   1.3607010e+00
   1.3634251e+00
   1.3661547e+00
   1.3688897e+00
   1.3716303e+00
   1.3743763e+00
   1.3771278e+00
   1.3798848e+00
   1.3826473e+00
   1.3854154e+00
   1.3881890e+00
   1.3909681e+00
   1.3937528e+00
   1.3965431e+00
   1.3993390e+00
   1.4021405e+00
   1.4049476e+00
   1.4077603e+00
   1.4105786e+00
   1.4134026e+00
   1.4162322e+00
   1.4190675e+00
   1.4219085e+00
   1.4247552e+00
   1.4276075e+00
   1.4304656e+00
   1.4333294e+00
   1.4361989e+00
   1.4390742e+00
   1.4419552e+00
   1.4448420e+00
   1.4477346e+00
   1.4506330e+00
   1.4535372e+00
   1.4564471e+00
   1.4593629e+00
   1.4622846e+00
   1.4652121e+00
   1.4681454e+00
   1.4710847e+00
   1.4740298e+00
   1.4769808e+00
   1.4799377e+00
   1.4829005e+00
   1.4858693e+00
   1.4888440e+00
   1.4918247e+00
   1.4948113e+00
   1.4978039e+00
   1.5008026e+00
   1.5038072e+00
   1.5068178e+00
   1.5098344e+00
   1.5128571e+00
   1.5158859e+00
   1.5189207e+00
   1.5219616e+00
   1.5250085e+00
   1.5280616e+00
   1.5311208e+00
   1.5341861e+00
   1.5372575e+00
   1.5403351e+00
   1.5434189e+00
   1.5465088e+00
   1.5496049e+00
   1.5527072e+00
   1.5558157e+00
   1.5589305e+00
   1.5620515e+00
   1.5651787e+00
   1.5683122e+00
   1.5714519e+00
   1.5745980e+00
   1.5777503e+00
   1.5809090e+00
   1.5840740e+00
   1.5872453e+00
   1.5904230e+00
   1.5936070e+00
   1.5967974e+00
   1.5999942e+00
   1.6031974e+00
   1.6064070e+00
   1.6096230e+00
   1.6128455e+00
   1.6160744e+00
   1.6193098e+00
   1.6225516e+00
   1.6258000e+00
   1.6290548e+00
   1.6323162e+00
   1.6355841e+00
   1.6388586e+00
   1.6421396e+00
   1.6454271e+00
   1.6487213e+00
   1.6520220e+00
   1.6553294e+00
   1.6586433e+00
   1.6619639e+00
   1.6652912e+00
   1.6686251e+00
   1.6719657e+00
   1.6753130e+00
   1.6786670e+00
   1.6820276e+00
   1.6853951e+00
   1.6887692e+00
   1.6921502e+00
   1.6955378e+00
   1.6989323e+00
   1.7023336e+00
   1.7057416e+00
   1.7091565e+00
   1.7125783e+00
   1.7160069e+00
   1.7194423e+00
   1.7228846e+00
   1.7263339e+00
   1.7297900e+00
   1.7332530e+00
   1.7367230e+00
   1.7401999e+00
   1.7436838e+00
   1.7471747e+00
   1.7506725e+00
   1.7541773e+00
   1.7576892e+00
   1.7612081e+00
   1.7647341e+00
   1.7682671e+00
   1.7718071e+00
   1.7753543e+00
   1.7789085e+00
   1.7824699e+00
   1.7860384e+00
   1.7896141e+00
   1.7931969e+00
   1.7967869e+00
   1.8003840e+00
   1.8039884e+00
   1.8076000e+00
   1.8112188e+00
   1.8148449e+00
   1.8184782e+00
   1.8221188e+00
   1.8257667e+00
   1.8294219e+00
   1.8330844e+00
   1.8367542e+00
   1.8404314e+00
   1.8441159e+00
   1.8478079e+00
   1.8515072e+00
   1.8552139e+00
   1.8589280e+00
   1.8626496e+00
   1.8663786e+00
   1.8701151e+00
   1.8738591e+00
   1.8776106e+00
   1.8813696e+00
   1.8851361e+00
   1.8889101e+00
   1.8926917e+00
   1.8964809e+00
   1.9002776e+00
   1.9040820e+00
   1.9078940e+00
   1.9117136e+00
   1.9155408e+00
   1.9193757e+00
   1.9232183e+00
   1.9270686e+00
   1.9309266e+00
   1.9347923e+00
   1.9386658e+00
   1.9425470e+00
   1.9464360e+00
   1.9503328e+00
   1.9542373e+00
   1.9581497e+00
   1.9620699e+00
   1.9659980e+00
   1.9699339e+00
   1.9738777e+00
   1.9778294e+00
   1.9817891e+00
   1.9857566e+00
   1.9897321e+00
   1.9937155e+00
   1.9977070e+00
   2.0017064e+00
   2.0057138e+00
   2.0097292e+00
   2.0137527e+00
   2.0177842e+00
   2.0218238e+00
   2.0258715e+00
   2.0299273e+00
   2.0339913e+00
   2.0380633e+00
   2.0421435e+00
   2.0462319e+00
   2.0503285e+00
   2.0544332e+00
   2.0585462e+00
   2.0626674e+00
   2.0667969e+00
   2.0709346e+00
   2.0750806e+00
   2.0792349e+00
   2.0833976e+00
   2.0875685e+00
   2.0917478e+00
   2.0959355e+00
   2.1001316e+00
   2.1043360e+00
   2.1085489e+00
   2.1127702e+00
   2.1170000e+00
   2.1212383e+00
   2.1254850e+00
   2.1297402e+00
   2.1340039e+00
   2.1382762e+00
   2.1425571e+00
   2.1468465e+00
   2.1511444e+00
   2.1554510e+00
   2.1597663e+00
   2.1640901e+00
   2.1684226e+00
   2.1727638e+00
   2.1771137e+00
   2.1814723e+00
   2.1858396e+00
   2.1902156e+00
   2.1946004e+00
   2.1989940e+00
   2.2033964e+00
   2.2078076e+00
   2.2122277e+00
   2.2166565e+00
   2.2210943e+00
   2.2255409e+00
   2.2299965e+00
   2.2344609e+00
   2.2389343e+00
   2.2434167e+00
   2.2479080e+00
   2.2524083e+00
   2.2569176e+00
   2.2614360e+00
   2.2659634e+00
   2.2704998e+00
   2.2750454e+00
   2.2796000e+00
   2.2841638e+00
   2.2887367e+00
   2.2933187e+00
   2.2979100e+00
   2.3025104e+00
   2.3071200e+00
   2.3117389e+00
   2.3163670e+00
   2.3210043e+00
   2.3256510e+00
   2.3303070e+00
   2.3349722e+00
   2.3396469e+00
   2.3443308e+00
   2.3490242e+00
   2.3537269e+00
   2.3584391e+00
   2.3631607e+00
   2.3678917e+00
   2.3726323e+00
   2.3773823e+00
   2.3821418e+00
   2.3869109e+00
   2.3916895e+00
   2.3964776e+00
   2.4012754e+00
   2.4060827e+00
   2.4108997e+00
   2.4157263e+00
   2.4205626e+00
   2.4254086e+00
   2.4302643e+00
   2.4351297e+00
   2.4400048e+00
   2.4448897e+00
   2.4497843e+00
   2.4546888e+00
   2.4596031e+00
   2.4645272e+00
   2.4694612e+00
   2.4744051e+00
   2.4793589e+00
   2.4843225e+00
   2.4892962e+00
   2.4942797e+00
   2.4992733e+00
   2.5042768e+00
   2.5092904e+00
   2.5143140e+00
   2.5193477e+00
   2.5243914e+00
   2.5294452e+00
   2.5345092e+00
   2.5395833e+00
   2.5446675e+00
   2.5497619e+00
   2.5548666e+00
   2.5599814e+00
   2.5651065e+00
   2.5702419e+00
   2.5753875e+00
   2.5805434e+00
   2.5857097e+00
   2.5908863e+00
   2.5960732e+00
   2.6012706e+00
   2.6064783e+00
   2.6116965e+00
   2.6169251e+00
   2.6221642e+00
   2.6274138e+00
   2.6326738e+00
   2.6379445e+00
   2.6432256e+00
   2.6485174e+00
   2.6538197e+00
   2.6591327e+00
   2.6644562e+00
   2.6697905e+00
   2.6751354e+00
   2.6804910e+00
   2.6858574e+00
   2.6912345e+00
   2.6966223e+00
   2.7020210e+00
   2.7074304e+00
   2.7128507e+00
   2.7182818e+00
   2.7237238e+00
   2.7291767e+00
   2.7346405e+00
   2.7401153e+00
   2.7456010e+00
   2.7510977e+00
   2.7566054e+00
   2.7621241e+00
   2.7676539e+00
   2.7731948e+00
   2.7787467e+00
   2.7843098e+00
   2.7898840e+00
   2.7954693e+00
   2.8010658e+00
   2.8066736e+00
   2.8122925e+00
   2.8179227e+00
   2.8235642e+00
   2.8292170e+00
   2.8348811e+00
   2.8405565e+00
   2.8462433e+00
   2.8519415e+00
   2.8576511e+00
   2.8633721e+00
   2.8691046e+00
   2.8748486e+00
   2.8806040e+00
   2.8863710e+00
   2.8921495e+00
   2.8979396e+00
   2.9037413e+00
   2.9095546e+00
   2.9153795e+00
   2.9212161e+00
   2.9270644e+00
   2.9329244e+00
   2.9387961e+00
   2.9446796e+00
   2.9505748e+00
   2.9564819e+00
   2.9624007e+00
   2.9683315e+00
   2.9742741e+00
   2.9802286e+00
   2.9861950e+00
   2.9921734e+00
   2.9981637e+00
   3.0041660e+00
   3.0101804e+00
   3.0162068e+00
   3.0222452e+00
   3.0282957e+00
   3.0343584e+00
   3.0404332e+00
   3.0465201e+00
   3.0526193e+00
   3.0587306e+00
   3.0648542e+00
   3.0709900e+00
   3.0771382e+00
   3.0832986e+00
   3.0894714e+00
   3.0956565e+00
   3.1018540e+00
   3.1080639e+00
   3.1142863e+00
   3.1205211e+00
   3.1267684e+00
   3.1330282e+00
   3.1393005e+00
   3.1455854e+00
   3.1518828e+00
   3.1581929e+00
   3.1645156e+00
   3.1708510e+00
   3.1771990e+00
   3.1835598e+00
   3.1899333e+00
   3.1963195e+00
   3.2027186e+00
   3.2091304e+00
   3.2155551e+00
   3.2219926e+00
   3.2284431e+00
   3.2349064e+00
   3.2413827e+00
   3.2478720e+00
   3.2543742e+00
   3.2608895e+00
   3.2674178e+00
   3.2739591e+00
   3.2805136e+00
   3.2870812e+00
   3.2936619e+00
   3.3002559e+00
   3.3068630e+00
   3.3134833e+00
   3.3201169e+00
   3.3267638e+00
   3.3334240e+00
   3.3400975e+00
   3.3467844e+00
   3.3534847e+00
   3.3601983e+00
   3.3669255e+00
   3.3736660e+00
   3.3804201e+00
   3.3871877e+00
   3.3939689e+00
   3.4007636e+00
   3.4075720e+00
   3.4143939e+00
   3.4212295e+00
   3.4280788e+00
   3.4349419e+00
   3.4418186e+00
   3.4487091e+00
   3.4556135e+00
   3.4625316e+00
   3.4694636e+00
   3.4764095e+00
   3.4833692e+00
   3.4903430e+00
   3.4973306e+00
   3.5043323e+00
   3.5113480e+00
   3.5183777e+00
   3.5254215e+00
   3.5324794e+00
   3.5395514e+00
   3.5466376e+00
   3.5537380e+00
   3.5608526e+00
   3.5679814e+00
   3.5751245e+00
   3.5822819e+00
   3.5894536e+00
   3.5966397e+00
   3.6038402e+00
   3.6110551e+00
   3.6182844e+00
   3.6255282e+00
   3.6327866e+00
   3.6400594e+00
   3.6473468e+00
   3.6546488e+00
   3.6619654e+00
   3.6692967e+00
   3.6766426e+00
   3.6840032e+00
   3.6913786e+00
   3.6987688e+00
   3.7061737e+00
   3.7135935e+00
   3.7210281e+00
   3.7284776e+00
   3.7359420e+00
   3.7434214e+00
   3.7509157e+00
   3.7584251e+00
   3.7659494e+00
   3.7734889e+00
   3.7810434e+00
   3.7886130e+00
   3.7961978e+00
   3.8037978e+00
   3.8114131e+00
   3.8190435e+00
   3.8266892e+00
   3.8343503e+00
   3.8420266e+00
   3.8497184e+00
   3.8574255e+00
   3.8651481e+00
   3.8728861e+00
   3.8806397e+00
   3.8884087e+00
   3.8961933e+00
   3.9039935e+00
   3.9118093e+00
   3.9196407e+00
   3.9274879e+00
   3.9353507e+00
   3.9432293e+00
   3.9511236e+00
   3.9590338e+00
   3.9669598e+00
   3.9749016e+00
   3.9828594e+00
   3.9908331e+00
   3.9988227e+00
   4.0068284e+00
   4.0148501e+00
   4.0228878e+00
   4.0309416e+00
   4.0390116e+00
   4.0470977e+00
   4.0552000e+00
   4.0633185e+00
   4.0714533e+00
   4.0796043e+00
   4.0877717e+00
   4.0959554e+00
   4.1041555e+00
   4.1123720e+00
   4.1206050e+00
   4.1288545e+00
   4.1371204e+00
   4.1454030e+00
   4.1537021e+00
   4.1620178e+00
   4.1703501e+00
   4.1786992e+00
   4.1870650e+00
   4.1954475e+00
   4.2038468e+00
   4.2122629e+00
   4.2206958e+00
   4.2291457e+00
   4.2376124e+00
   4.2460961e+00
   4.2545968e+00
   4.2631145e+00
   4.2716493e+00
   4.2802011e+00
   4.2887701e+00
   4.2973562e+00
   4.3059595e+00
   4.3145801e+00
   4.3232179e+00
   4.3318729e+00
   4.3405454e+00
   4.3492351e+00
   4.3579423e+00
   4.3666669e+00
   4.3754090e+00
   4.3841686e+00
   4.3929457e+00
   4.4017404e+00
   4.4105527e+00
   4.4193826e+00
   4.4282302e+00
   4.4370955e+00
   4.4459786e+00
   4.4548794e+00
   4.4637981e+00
   4.4727346e+00
   4.4816891e+00
   4.4906614e+00
   4.4996517e+00
   4.5086600e+00
   4.5176864e+00
   4.5267308e+00
   4.5357933e+00
   4.5448740e+00
   4.5539728e+00
   4.5630899e+00
   4.5722252e+00
   4.5813788e+00
   4.5905507e+00
   4.5997410e+00
   4.6089497e+00
   4.6181768e+00
   4.6274224e+00
   4.6366865e+00
   4.6459692e+00
   4.6552704e+00
   4.6645903e+00
   4.6739288e+00
   4.6832860e+00
   4.6926619e+00
   4.7020567e+00
   4.7114702e+00
   4.7209026e+00
   4.7303538e+00
   4.7398240e+00
   4.7493131e+00
   4.7588212e+00
   4.7683484e+00
   4.7778947e+00
   4.7874600e+00
   4.7970445e+00
   4.8066482e+00
   4.8162711e+00
   4.8259133e+00
   4.8355748e+00
   4.8452556e+00
   4.8549558e+00
   4.8646754e+00
   4.8744145e+00
   4.8841731e+00
   4.8939512e+00
   4.9037489e+00
   4.9135662e+00
   4.9234032e+00
   4.9332599e+00
   4.9431363e+00
   4.9530324e+00
   4.9629484e+00
   4.9728842e+00
   4.9828400e+00
   4.9928156e+00
   5.0028112e+00
   5.0128269e+00
   5.0228625e+00
   5.0329183e+00
   5.0429942e+00
   5.0530903e+00
   5.0632066e+00
   5.0733432e+00
   5.0835000e+00
   5.0936772e+00
   5.1038747e+00
   5.1140927e+00
   5.1243311e+00
   5.1345900e+00
   5.1448695e+00
   5.1551695e+00
   5.1654902e+00
   5.1758315e+00
   5.1861935e+00
   5.1965763e+00
   5.2069798e+00
   5.2174042e+00
   5.2278495e+00
   5.2383156e+00
   5.2488027e+00
   5.2593108e+00
   5.2698400e+00
   5.2803902e+00
   5.2909616e+00
   5.3015541e+00
   5.3121678e+00
   5.3228028e+00
   5.3334590e+00
   5.3441366e+00
   5.3548356e+00
   5.3655560e+00
   5.3762978e+00
   5.3870612e+00
   5.3978461e+00
   5.4086526e+00
   5.4194807e+00
   5.4303305e+00
   5.4412020e+00
   5.4520953e+00
   5.4630104e+00
   5.4739474e+00
   5.4849062e+00
   5.4958870e+00
   5.5068898e+00
   5.5179146e+00
   5.5289615e+00
   5.5400305e+00
   5.5511216e+00
   5.5622350e+00
   5.5733706e+00
   5.5845285e+00
   5.5957087e+00
   5.6069113e+00
   5.6181364e+00
   5.6293839e+00
   5.6406539e+00
   5.6519465e+00
   5.6632617e+00
   5.6745996e+00
   5.6859601e+00
   5.6973434e+00
   5.7087495e+00
   5.7201784e+00
   5.7316302e+00
   5.7431050e+00
   5.7546027e+00
   5.7661234e+00
   5.7776672e+00
   5.7892341e+00
   5.8008241e+00
   5.8124374e+00
   5.8240739e+00
   5.8357337e+00
   5.8474169e+00
   5.8591234e+00
   5.8708534e+00
   5.8826068e+00
   5.8943838e+00
   5.9061844e+00
   5.9180086e+00
   5.9298564e+00
   5.9417280e+00
   5.9536233e+00
   5.9655425e+00
   5.9774855e+00
   5.9894525e+00
   6.0014434e+00
   6.0134583e+00
   6.0254972e+00
   6.0375603e+00
   6.0496475e+00
   6.0617589e+00
   6.0738945e+00
   6.0860545e+00
   6.0982388e+00
   6.1104474e+00
   6.1226806e+00
   6.1349382e+00
   6.1472203e+00
   6.1595271e+00
   6.1718584e+00
   6.1842145e+00
   6.1965953e+00
   6.2090009e+00
   6.2214313e+00
   6.2338867e+00
   6.2463669e+00
   6.2588721e+00
   6.2714024e+00
   6.2839578e+00
   6.2965383e+00
   6.3091439e+00
   6.3217749e+00
   6.3344311e+00
   6.3471126e+00
   6.3598195e+00
   6.3725519e+00
   6.3853097e+00
   6.3980931e+00
   6.4109021e+00
   6.4237368e+00
   6.4365971e+00
   6.4494832e+00
   6.4623951e+00
   6.4753328e+00
   6.4882964e+00
   6.5012860e+00
   6.5143016e+00
   6.5273432e+00
   6.5404110e+00
   6.5535049e+00
   6.5666250e+00
   6.5797714e+00
   6.5929441e+00
   6.6061432e+00
   6.6193687e+00
   6.6326207e+00
   6.6458992e+00
   6.6592043e+00
   6.6725360e+00
   6.6858944e+00
   6.6992796e+00
   6.7126916e+00
   6.7261304e+00
   6.7395961e+00
   6.7530888e+00
   6.7666085e+00
   6.7801553e+00
   6.7937291e+00
   6.8073302e+00
   6.8209585e+00
   6.8346140e+00
   6.8482969e+00
   6.8620072e+00
   6.8757450e+00
   6.8895102e+00
   6.9033031e+00
   6.9171235e+00
   6.9309716e+00
   6.9448474e+00
   6.9587510e+00
   6.9726824e+00
   6.9866417e+00
   7.0006290e+00
   7.0146443e+00
   7.0286876e+00
   7.0427590e+00
   7.0568586e+00
   7.0709865e+00
   7.0851426e+00
   7.0993271e+00
   7.1135399e+00
   7.1277812e+00
   7.1420511e+00
   7.1563495e+00
   7.1706765e+00
   7.1850322e+00
   7.1994166e+00
   7.2138299e+00
   7.2282720e+00
   7.2427430e+00
   7.2572430e+00
   7.2717720e+00
   7.2863301e+00
   7.3009173e+00
   7.3155338e+00
   7.3301795e+00
   7.3448545e+00
   7.3595589e+00
   7.3742928e+00
   7.3890561e+00
