   1.0000000e-04
   4.0000000e-04
   9.0000000e-04
   1.6000000e-03
   2.5000000e-03
   3.6000000e-03
   4.9000000e-03
   6.4000000e-03
   8.1000000e-03
   1.0000000e-02
   1.2100000e-02
   1.4400000e-02
   1.6900000e-02
   1.9600000e-02
   2.2500000e-02
   2.5600000e-02
   2.8900000e-02
   3.2400000e-02
   3.6100000e-02
   4.0000000e-02
   4.4100000e-02
   4.8400000e-02
   5.2900000e-02
   5.7600000e-02
   6.2500000e-02
   6.7600000e-02
   7.2900000e-02
   7.8400000e-02
   8.4100000e-02
   9.0000000e-02
   9.6100000e-02
   1.0240000e-01
   1.0890000e-01
   1.1560000e-01
   1.2250000e-01
   1.2960000e-01
   1.3690000e-01
   1.4440000e-01
   1.5210000e-01
   1.6000000e-01
   1.6810000e-01
   1.7640000e-01
   1.8490000e-01
   1.9360000e-01
   2.0250000e-01
   2.1160000e-01
   2.2090000e-01
   2.3040000e-01
   2.4010000e-01
   2.5000000e-01
   2.6010000e-01
   2.7040000e-01
   2.8090000e-01
   2.9160000e-01
   3.0250000e-01
   3.1360000e-01
   3.2490000e-01
   3.3640000e-01
   3.4810000e-01
   3.6000000e-01
   3.7210000e-01
   3.8440000e-01
   3.9690000e-01
   4.0960000e-01
   4.2250000e-01
   4.3560000e-01
   4.4890000e-01
   4.6240000e-01
   4.7610000e-01
   4.9000000e-01
   5.0410000e-01
   5.1840000e-01
   5.3290000e-01
   5.4760000e-01
   5.6250000e-01
   5.7760000e-01
   5.9290000e-01
   6.0840000e-01
   6.2410000e-01
   6.4000000e-01
   6.5610000e-01
   6.7240000e-01
   6.8890000e-01
   7.0560000e-01
   7.2250000e-01
   7.3960000e-01
   7.5690000e-01
   7.7440000e-01
   7.9210000e-01
   8.1000000e-01
   8.2810000e-01
   8.4640000e-01
   8.6490000e-01
   8.8360000e-01
   9.0250000e-01
   9.2160000e-01
   9.4090000e-01
   9.6040000e-01
   9.8010000e-01
   1.0000000e+00
   1.0201000e+00
   1.0404000e+00
   1.0609000e+00
   1.0816000e+00
   1.1025000e+00
   1.1236000e+00
   1.1449000e+00
   1.1664000e+00
   1.1881000e+00
   1.2100000e+00
   1.2321000e+00
   1.2544000e+00
   1.2769000e+00
   1.2996000e+00
   1.3225000e+00
   1.3456000e+00
   1.3689000e+00
   1.3924000e+00
   1.4161000e+00
   1.4400000e+00
   1.4641000e+00
   1.4884000e+00
   1.5129000e+00
   1.5376000e+00
   1.5625000e+00
   1.5876000e+00
   1.6129000e+00
   1.6384000e+00
   1.6641000e+00
   1.6900000e+00
   1.7161000e+00
   1.7424000e+00
   1.7689000e+00
   1.7956000e+00
   1.8225000e+00
   1.8496000e+00
   1.8769000e+00
   1.9044000e+00
   1.9321000e+00
   1.9600000e+00
   1.9881000e+00
   2.0164000e+00
   2.0449000e+00
   2.0736000e+00
   2.1025000e+00
   2.1316000e+00
   2.1609000e+00
   2.1904000e+00
   2.2201000e+00
   2.2500000e+00
   2.2801000e+00
   2.3104000e+00
   2.3409000e+00
   2.3716000e+00
   2.4025000e+00
   2.4336000e+00
   2.4649000e+00
   2.4964000e+00
   2.5281000e+00
   2.5600000e+00
   2.5921000e+00
   2.6244000e+00
   2.6569000e+00
   2.6896000e+00
   2.7225000e+00
   2.7556000e+00
   2.7889000e+00
   2.8224000e+00
   2.8561000e+00
   2.8900000e+00
   2.9241000e+00
   2.9584000e+00
   2.9929000e+00
   3.0276000e+00
   3.0625000e+00
   3.0976000e+00
   3.1329000e+00
   3.1684000e+00
   3.2041000e+00
   3.2400000e+00
   3.2761000e+00
   3.3124000e+00
   3.3489000e+00
   3.3856000e+00
   3.4225000e+00
   3.4596000e+00
   3.4969000e+00
   3.5344000e+00
   3.5721000e+00
   3.6100000e+00
   3.6481000e+00
   3.6864000e+00
   3.7249000e+00
   3.7636000e+00
   3.8025000e+00
   3.8416000e+00
   3.8809000e+00
   3.9204000e+00
   3.9601000e+00
   4.0000000e+00
   4.0401000e+00
   4.0804000e+00
   4.1209000e+00
   4.1616000e+00
   4.2025000e+00
   4.2436000e+00
   4.2849000e+00
   4.3264000e+00
   4.3681000e+00
   4.4100000e+00
   4.4521000e+00
   4.4944000e+00
   4.5369000e+00
   4.5796000e+00
   4.6225000e+00
   4.6656000e+00
   4.7089000e+00
   4.7524000e+00
   4.7961000e+00
   4.8400000e+00
   4.8841000e+00
   4.9284000e+00
   4.9729000e+00
   5.0176000e+00
   5.0625000e+00
   5.1076000e+00
   5.1529000e+00
   5.1984000e+00
   5.2441000e+00
   5.2900000e+00
   5.3361000e+00
   5.3824000e+00
   5.4289000e+00
   5.4756000e+00
   5.5225000e+00
   5.5696000e+00
   5.6169000e+00
   5.6644000e+00
   5.7121000e+00
   5.7600000e+00
   5.8081000e+00
   5.8564000e+00
   5.9049000e+00
   5.9536000e+00
   6.0025000e+00
   6.0516000e+00
   6.1009000e+00
   6.1504000e+00
   6.2001000e+00
   6.2500000e+00
   6.3001000e+00
   6.3504000e+00
   6.4009000e+00
   6.4516000e+00
   6.5025000e+00
   6.5536000e+00
   6.6049000e+00
   6.6564000e+00
   6.7081000e+00
   6.7600000e+00
   6.8121000e+00
   6.8644000e+00
   6.9169000e+00
   6.9696000e+00
   7.0225000e+00
   7.0756000e+00
   7.1289000e+00
   7.1824000e+00
   7.2361000e+00
   7.2900000e+00
   7.3441000e+00
   7.3984000e+00
   7.4529000e+00
   7.5076000e+00
   7.5625000e+00
   7.6176000e+00
   7.6729000e+00
   7.7284000e+00
   7.7841000e+00
   7.8400000e+00
   7.8961000e+00
   7.9524000e+00
   8.0089000e+00
   8.0656000e+00
   8.1225000e+00
   8.1796000e+00
   8.2369000e+00
   8.2944000e+00
   8.3521000e+00
   8.4100000e+00
   8.4681000e+00
   8.5264000e+00
   8.5849000e+00
   8.6436000e+00
   8.7025000e+00
   8.7616000e+00
   8.8209000e+00
   8.8804000e+00
   8.9401000e+00
   9.0000000e+00
   9.0601000e+00
   9.1204000e+00
   9.1809000e+00
   9.2416000e+00
   9.3025000e+00
   9.3636000e+00
   9.4249000e+00
   9.4864000e+00
   9.5481000e+00
   9.6100000e+00
   9.6721000e+00
   9.7344000e+00
   9.7969000e+00
   9.8596000e+00
   9.9225000e+00
   9.9856000e+00
   1.0048900e+01
   1.0112400e+01
   1.0176100e+01
   1.0240000e+01
   1.0304100e+01
   1.0368400e+01
   1.0432900e+01
   1.0497600e+01
   1.0562500e+01
   1.0627600e+01
   1.0692900e+01
   1.0758400e+01
   1.0824100e+01
   1.0890000e+01
   1.0956100e+01
   1.1022400e+01
   1.1088900e+01
   1.1155600e+01
   1.1222500e+01
   1.1289600e+01
   1.1356900e+01
   1.1424400e+01
   1.1492100e+01
   1.1560000e+01
   1.1628100e+01
   1.1696400e+01
   1.1764900e+01
   1.1833600e+01
   1.1902500e+01
   1.1971600e+01
   1.2040900e+01
   1.2110400e+01
   1.2180100e+01
   1.2250000e+01
   1.2320100e+01
   1.2390400e+01
   1.2460900e+01
   1.2531600e+01
   1.2602500e+01
   1.2673600e+01
   1.2744900e+01
   1.2816400e+01
   1.2888100e+01
   1.2960000e+01
   1.3032100e+01
   1.3104400e+01
   1.3176900e+01
   1.3249600e+01
   1.3322500e+01
   1.3395600e+01
   1.3468900e+01
   1.3542400e+01
   1.3616100e+01
   1.3690000e+01
   1.3764100e+01
   1.3838400e+01
   1.3912900e+01
   1.3987600e+01
   1.4062500e+01
   1.4137600e+01
   1.4212900e+01
   1.4288400e+01
   1.4364100e+01
   1.4440000e+01
   1.4516100e+01
   1.4592400e+01
   1.4668900e+01
   1.4745600e+01
   1.4822500e+01
   1.4899600e+01
   1.4976900e+01
   1.5054400e+01
   1.5132100e+01
   1.5210000e+01
   1.5288100e+01
   1.5366400e+01
   1.5444900e+01
   1.5523600e+01
   1.5602500e+01
   1.5681600e+01
   1.5760900e+01
   1.5840400e+01
   1.5920100e+01
   1.6000000e+01
   1.6080100e+01
   1.6160400e+01
   1.6240900e+01
   1.6321600e+01
   1.6402500e+01
   1.6483600e+01
   1.6564900e+01
   1.6646400e+01
   1.6728100e+01
   1.6810000e+01
   1.6892100e+01
   1.6974400e+01
   1.7056900e+01
   1.7139600e+01
   1.7222500e+01
   1.7305600e+01
   1.7388900e+01
   1.7472400e+01
   1.7556100e+01
   1.7640000e+01
   1.7724100e+01
   1.7808400e+01
   1.7892900e+01
   1.7977600e+01
   1.8062500e+01
   1.8147600e+01
   1.8232900e+01
   1.8318400e+01
   1.8404100e+01
   1.8490000e+01
   1.8576100e+01
   1.8662400e+01
   1.8748900e+01
   1.8835600e+01
   1.8922500e+01
   1.9009600e+01
   1.9096900e+01
   1.9184400e+01
   1.9272100e+01
   1.9360000e+01
   1.9448100e+01
   1.9536400e+01
   1.9624900e+01
   1.9713600e+01
   1.9802500e+01
   1.9891600e+01
   1.9980900e+01
   2.0070400e+01
   2.0160100e+01
   2.0250000e+01
   2.0340100e+01
   2.0430400e+01
   2.0520900e+01
   2.0611600e+01
   2.0702500e+01
   2.0793600e+01
   2.0884900e+01
   2.0976400e+01
   2.1068100e+01
   2.1160000e+01
   2.1252100e+01
   2.1344400e+01
   2.1436900e+01
   2.1529600e+01
   2.1622500e+01
   2.1715600e+01
   2.1808900e+01
   2.1902400e+01
   2.1996100e+01
   2.2090000e+01
   2.2184100e+01
   2.2278400e+01
   2.2372900e+01
   2.2467600e+01
   2.2562500e+01
   2.2657600e+01
   2.2752900e+01
   2.2848400e+01
   2.2944100e+01
   2.3040000e+01
   2.3136100e+01
   2.3232400e+01
   2.3328900e+01
   2.3425600e+01
   2.3522500e+01
   2.3619600e+01
   2.3716900e+01
   2.3814400e+01
   2.3912100e+01
   2.4010000e+01
   2.4108100e+01
   2.4206400e+01
   2.4304900e+01
   2.4403600e+01
   2.4502500e+01
   2.4601600e+01
   2.4700900e+01
   2.4800400e+01
   2.4900100e+01
   2.5000000e+01
   2.5100100e+01
   2.5200400e+01
   2.5300900e+01
   2.5401600e+01
   2.5502500e+01
   2.5603600e+01
   2.5704900e+01
   2.5806400e+01
   2.5908100e+01
   2.6010000e+01
   2.6112100e+01
   2.6214400e+01
   2.6316900e+01
   2.6419600e+01
   2.6522500e+01
   2.6625600e+01
   2.6728900e+01
   2.6832400e+01
   2.6936100e+01
   2.7040000e+01
   2.7144100e+01
   2.7248400e+01
   2.7352900e+01
   2.7457600e+01
   2.7562500e+01
   2.7667600e+01
   2.7772900e+01
   2.7878400e+01
   2.7984100e+01
   2.8090000e+01
   2.8196100e+01
   2.8302400e+01
   2.8408900e+01
   2.8515600e+01
   2.8622500e+01
   2.8729600e+01
   2.8836900e+01
   2.8944400e+01
   2.9052100e+01
   2.9160000e+01
   2.9268100e+01
   2.9376400e+01
   2.9484900e+01
   2.9593600e+01
   2.9702500e+01
   2.9811600e+01
   2.9920900e+01
   3.0030400e+01
   3.0140100e+01
   3.0250000e+01
   3.0360100e+01
   3.0470400e+01
   3.0580900e+01
   3.0691600e+01
   3.0802500e+01
   3.0913600e+01
   3.1024900e+01
   3.1136400e+01
   3.1248100e+01
   3.1360000e+01
   3.1472100e+01
   3.1584400e+01
   3.1696900e+01
   3.1809600e+01
   3.1922500e+01
   3.2035600e+01
   3.2148900e+01
   3.2262400e+01
   3.2376100e+01
   3.2490000e+01
   3.2604100e+01
   3.2718400e+01
   3.2832900e+01
   3.2947600e+01
   3.3062500e+01
   3.3177600e+01
   3.3292900e+01
   3.3408400e+01
   3.3524100e+01
   3.3640000e+01
   3.3756100e+01
   3.3872400e+01
   3.3988900e+01
   3.4105600e+01
   3.4222500e+01
   3.4339600e+01
   3.4456900e+01
   3.4574400e+01
   3.4692100e+01
   3.4810000e+01
   3.4928100e+01
   3.5046400e+01
   3.5164900e+01
   3.5283600e+01
   3.5402500e+01
   3.5521600e+01
   3.5640900e+01
   3.5760400e+01
   3.5880100e+01
   3.6000000e+01
   3.6120100e+01
   3.6240400e+01
   3.6360900e+01
   3.6481600e+01
   3.6602500e+01
   3.6723600e+01
   3.6844900e+01
   3.6966400e+01
   3.7088100e+01
   3.7210000e+01
   3.7332100e+01
   3.7454400e+01
   3.7576900e+01
   3.7699600e+01
   3.7822500e+01
   3.7945600e+01
   3.8068900e+01
   3.8192400e+01
   3.8316100e+01
   3.8440000e+01
   3.8564100e+01
   3.8688400e+01
   3.8812900e+01
   3.8937600e+01
   3.9062500e+01
   3.9187600e+01
   3.9312900e+01
   3.9438400e+01
   3.9564100e+01
   3.9690000e+01
   3.9816100e+01
   3.9942400e+01
   4.0068900e+01
   4.0195600e+01
   4.0322500e+01
   4.0449600e+01
   4.0576900e+01
   4.0704400e+01
   4.0832100e+01
   4.0960000e+01
   4.1088100e+01
   4.1216400e+01
   4.1344900e+01
   4.1473600e+01
   4.1602500e+01
   4.1731600e+01
   4.1860900e+01
   4.1990400e+01
   4.2120100e+01
   4.2250000e+01
   4.2380100e+01
   4.2510400e+01
   4.2640900e+01
   4.2771600e+01
   4.2902500e+01
   4.3033600e+01
   4.3164900e+01
   4.3296400e+01
   4.3428100e+01
   4.3560000e+01
   4.3692100e+01
   4.3824400e+01
   4.3956900e+01
   4.4089600e+01
   4.4222500e+01
   4.4355600e+01
   4.4488900e+01
   4.4622400e+01
   4.4756100e+01
   4.4890000e+01
   4.5024100e+01
   4.5158400e+01
   4.5292900e+01
   4.5427600e+01
   4.5562500e+01
   4.5697600e+01
   4.5832900e+01
   4.5968400e+01
   4.6104100e+01
   4.6240000e+01
   4.6376100e+01
   4.6512400e+01
   4.6648900e+01
   4.6785600e+01
   4.6922500e+01
   4.7059600e+01
   4.7196900e+01
   4.7334400e+01
   4.7472100e+01
   4.7610000e+01
   4.7748100e+01
   4.7886400e+01
   4.8024900e+01
   4.8163600e+01
   4.8302500e+01
   4.8441600e+01
   4.8580900e+01
   4.8720400e+01
   4.8860100e+01
   4.9000000e+01
   4.9140100e+01
   4.9280400e+01
   4.9420900e+01
   4.9561600e+01
   4.9702500e+01
   4.9843600e+01
   4.9984900e+01
   5.0126400e+01
   5.0268100e+01
   5.0410000e+01
   5.0552100e+01
   5.0694400e+01
   5.0836900e+01
   5.0979600e+01
   5.1122500e+01
   5.1265600e+01
   5.1408900e+01
   5.1552400e+01
   5.1696100e+01
   5.1840000e+01
   5.1984100e+01
   5.2128400e+01
   5.2272900e+01
   5.2417600e+01
   5.2562500e+01
   5.2707600e+01
   5.2852900e+01
   5.2998400e+01
   5.3144100e+01
   5.3290000e+01
   5.3436100e+01
   5.3582400e+01
   5.3728900e+01
   5.3875600e+01
   5.4022500e+01
   5.4169600e+01
   5.4316900e+01
   5.4464400e+01
   5.4612100e+01
   5.4760000e+01
   5.4908100e+01
   5.5056400e+01
   5.5204900e+01
   5.5353600e+01
   5.5502500e+01
   5.5651600e+01
   5.5800900e+01
   5.5950400e+01
   5.6100100e+01
   5.6250000e+01
   5.6400100e+01
   5.6550400e+01
   5.6700900e+01
   5.6851600e+01
   5.7002500e+01
   5.7153600e+01
   5.7304900e+01
   5.7456400e+01
   5.7608100e+01
   5.7760000e+01
   5.7912100e+01
   5.8064400e+01
   5.8216900e+01
   5.8369600e+01
   5.8522500e+01
   5.8675600e+01
   5.8828900e+01
   5.8982400e+01
   5.9136100e+01
   5.9290000e+01
   5.9444100e+01
   5.9598400e+01
   5.9752900e+01
   5.9907600e+01
   6.0062500e+01
   6.0217600e+01
   6.0372900e+01
   6.0528400e+01
   6.0684100e+01
   6.0840000e+01
   6.0996100e+01
   6.1152400e+01
   6.1308900e+01
   6.1465600e+01
   6.1622500e+01
   6.1779600e+01
   6.1936900e+01
   6.2094400e+01
   6.2252100e+01
   6.2410000e+01
   6.2568100e+01
   6.2726400e+01
   6.2884900e+01
   6.3043600e+01
   6.3202500e+01
   6.3361600e+01
   6.3520900e+01
   6.3680400e+01
   6.3840100e+01
   6.4000000e+01
   6.4160100e+01
   6.4320400e+01
   6.4480900e+01
   6.4641600e+01
   6.4802500e+01
   6.4963600e+01
   6.5124900e+01
   6.5286400e+01
   6.5448100e+01
   6.5610000e+01
   6.5772100e+01
   6.5934400e+01
   6.6096900e+01
   6.6259600e+01
   6.6422500e+01
   6.6585600e+01
   6.6748900e+01
   6.6912400e+01
   6.7076100e+01
   6.7240000e+01
   6.7404100e+01
   6.7568400e+01
   6.7732900e+01
   6.7897600e+01
   6.8062500e+01
   6.8227600e+01
   6.8392900e+01
   6.8558400e+01
   6.8724100e+01
   6.8890000e+01
   6.9056100e+01
   6.9222400e+01
   6.9388900e+01
   6.9555600e+01
   6.9722500e+01
   6.9889600e+01
   7.0056900e+01
   7.0224400e+01
   7.0392100e+01
   7.0560000e+01
   7.0728100e+01
   7.0896400e+01
   7.1064900e+01
   7.1233600e+01
   7.1402500e+01
   7.1571600e+01
   7.1740900e+01
   7.1910400e+01
   7.2080100e+01
   7.2250000e+01
   7.2420100e+01
   7.2590400e+01
   7.2760900e+01
   7.2931600e+01
   7.3102500e+01
   7.3273600e+01
   7.3444900e+01
   7.3616400e+01
   7.3788100e+01
   7.3960000e+01
   7.4132100e+01
   7.4304400e+01
   7.4476900e+01
   7.4649600e+01
   7.4822500e+01
   7.4995600e+01
   7.5168900e+01
   7.5342400e+01
   7.5516100e+01
   7.5690000e+01
   7.5864100e+01
   7.6038400e+01
   7.6212900e+01
   7.6387600e+01
   7.6562500e+01
   7.6737600e+01
   7.6912900e+01
   7.7088400e+01
   7.7264100e+01
   7.7440000e+01
   7.7616100e+01
   7.7792400e+01
   7.7968900e+01
   7.8145600e+01
   7.8322500e+01
   7.8499600e+01
   7.8676900e+01
   7.8854400e+01
   7.9032100e+01
   7.9210000e+01
   7.9388100e+01
   7.9566400e+01
   7.9744900e+01
   7.9923600e+01
   8.0102500e+01
   8.0281600e+01
   8.0460900e+01
   8.0640400e+01
   8.0820100e+01
   8.1000000e+01
   8.1180100e+01
   8.1360400e+01
   8.1540900e+01
   8.1721600e+01
   8.1902500e+01
   8.2083600e+01
   8.2264900e+01
   8.2446400e+01
   8.2628100e+01
   8.2810000e+01
   8.2992100e+01
   8.3174400e+01
   8.3356900e+01
   8.3539600e+01
   8.3722500e+01
   8.3905600e+01
   8.4088900e+01
   8.4272400e+01
   8.4456100e+01
   8.4640000e+01
   8.4824100e+01
   8.5008400e+01
   8.5192900e+01
   8.5377600e+01
   8.5562500e+01
   8.5747600e+01
   8.5932900e+01
   8.6118400e+01
   8.6304100e+01
   8.6490000e+01
   8.6676100e+01
   8.6862400e+01
   8.7048900e+01
   8.7235600e+01
   8.7422500e+01
   8.7609600e+01
   8.7796900e+01
   8.7984400e+01
   8.8172100e+01
   8.8360000e+01
   8.8548100e+01
   8.8736400e+01
   8.8924900e+01
   8.9113600e+01
   8.9302500e+01
   8.9491600e+01
   8.9680900e+01
   8.9870400e+01
   9.0060100e+01
   9.0250000e+01
   9.0440100e+01
   9.0630400e+01
   9.0820900e+01
   9.1011600e+01
   9.1202500e+01
   9.1393600e+01
   9.1584900e+01
   9.1776400e+01
   9.1968100e+01
   9.2160000e+01
   9.2352100e+01
   9.2544400e+01
   9.2736900e+01
   9.2929600e+01
   9.3122500e+01
   9.3315600e+01
   9.3508900e+01
   9.3702400e+01
   9.3896100e+01
   9.4090000e+01
   9.4284100e+01
   9.4478400e+01
   9.4672900e+01
   9.4867600e+01
   9.5062500e+01
   9.5257600e+01
   9.5452900e+01
   9.5648400e+01
   9.5844100e+01
   9.6040000e+01
   9.6236100e+01
   9.6432400e+01
   9.6628900e+01
   9.6825600e+01
   9.7022500e+01
   9.7219600e+01
   9.7416900e+01
   9.7614400e+01
   9.7812100e+01
   9.8010000e+01
   9.8208100e+01
   9.8406400e+01
   9.8604900e+01
   9.8803600e+01
   9.9002500e+01
   9.9201600e+01
   9.9400900e+01
   9.9600400e+01
   9.9800100e+01
   1.0000000e+02
